Races involving main:   2758
Races parallel section: 13772
Total number of races:  16530
-
66.1032
66.476
66.1183
173.71
124.220
44.126
12.113
66.931
210.1495
6.260
6.464
202.98
176.204
124.225
70.43
161.20
173.211
210.930
202.65
121.14
124.363
66.1180
66.937
219.71
202.69
6.417
202.332
161.10
210.84
176.4
45.89
149.88
80.181
8.132
210.1045
15.19
206.25
210.467
195.40
109.7
46.109
224.26
66.890
190.62
156.4
131.14
149.129
132.144
210.497
145.2
65.85
66.129
168.228
196.278
12.51
172.75
176.89
66.47
209.14
45.35
121.7
142.41
210.1232
210.426
66.505
210.455
149.123
16.68
72.4
65.400
9.44
176.405
195.187
6.232
132.182
66.1050
107.2
66.472
196.261
168.189
177.60
210.877
6.354
148.47
34.59
202.237
210.118
6.198
176.315
173.197
179.9
207.260
87.170
13.117
202.187
71.128
210.284
66.516
156.3
6.154
66.404
65.305
31.20
6.173
155.51
65.132
99.212
14.7
207.13
110.42
207.130
210.1051
195.179
13.5
131.4
170.11
210.259
10.70
2.36
46.103
65.42
210.1115
196.71
124.220
190.115
207.231
14.2
66.598
173.72
121.13
16.32
6.562
148.186
161.6
43.33
207.143
210.1323
196.108
121.157
77.47
210.53
202.36
45.108
51.77
34.146
66.1252
66.314
210.233
6.243
15.94
210.692
65.359
202.251
88.9
10.78
46.72
173.48
210.299
70.79
80.65
135.90
66.37
66.106
46.52
18.35
210.870
6.150
210.1466
81.29
153.4
210.703
13.72
208.226
65.425
80.158
224.13
65.310
210.705
30.21
41.32
210.1516
66.1296
6.283
29.3
68.82
100.27
210.950
69.5
213.29
68.19
145.10
173.244
68.124
210.298
124.102
33.6
44.160
208.175
71.126
206.37
124.59
34.148
107.98
176.16
132.179
43.114
195.51
149.45
173.186
190.15
66.1136
65.322
71.64
66.1180
210.1070
66.808
210.161
6.356
6.114
66.528
217.3
176.77
134.99
6.44
124.379
131.2
196.228
219.26
202.370
10.18
207.198
6.116
168.302
66.9
6.194
202.182
6.201
210.456
12.35
131.96
180.3
131.41
202.299
67.3
210.316
210.1318
65.39
51.80
6.392
66.916
46.111
79.114
121.26
66.401
206.66
210.17
197.15
215.6
195.51
8.16
168.233
134.14
30.26
79.108
39.25
6.403
6.538
213.21
148.160
66.1257
79.143
131.58
210.763
99.93
210.179
202.119
173.90
121.22
66.941
221.10
210.1354
224.26
12.46
16.62
148.24
1.54
45.59
110.60
190.103
66.234
210.1440
69.3
26.6
66.441
202.284
196.351
13.51
31.7
51.109
210.291
84.207
208.113
202.284
66.949
204.3
207.171
152.18
48.51
210.1077
73.63
66.825
13.85
210.425
99.314
87.182
210.264
209.3
42.13
16.84
135.96
84.115
124.154
208.170
210.1282
202.258
196.54
110.63
65.52
1.52
44.166
66.1070
208.267
210.337
121.19
210.948
124.173
2.107
210.209
99.265
170.269
149.61
177.280
26.12
210.755
179.9
198.17
6.410
132.153
66.452
29.5
121.226
170.88
131.165
210.158
172.71
44.70
66.560
77.41
48.57
171.12
225.5
175.41
66.841
2.127
66.979
210.368
210.1172
16.30
202.393
44.107
210.1341
210.100
66.60
168.5
65.260
196.103
66.341
66.458
67.59
207.261
65.77
65.438
70.66
66.968
202.201
224.60
78.11
124.220
99.249
65.229
25.5
176.66
121.175
207.162
6.96
132.63
202.240
142.79
152.24
132.48
132.5
210.1248
210.1238
66.506
195.88
65.265
96.1
168.17
68.62
66.1156
8.85
55.4
72.47
72.60
210.538
210.440
150.2
132.66
107.103
6.554
15.6
134.9
43.82
132.105
209.5
177.295
66.246
66.534
87.48
99.303
148.138
69.20
32.68
210.94
99.177
210.1209
208.128
196.216
68.98
84.27
8.87
193.21
210.720
210.1068
218.54
169.52
65.267
195.168
66.641
44.156
77.164
30.7
192.27
65.104
107.29
163.11
66.1098
66.666
79.40
87.115
156.28
99.116
66.218
210.331
65.411
8.161
99.294
79.114
46.92
2.134
66.1108
44.15
44.60
210.1465
210.129
196.113
33.5
206.15
1.40
210.1526
210.726
202.101
132.173
210.1299
65.77
195.210
79.121
10.30
6.130
210.546
69.16
107.14
45.23
84.194
8.80
170.240
205.79
174.5
99.263
6.114
210.294
66.1245
210.1283
66.656
148.190
148.206
87.62
66.181
124.280
210.1508
65.355
65.272
196.197
135.130
25.1
135.133
124.22
66.988
31.37
68.29
202.77
121.24
225.3
177.212
48.82
45.32
6.327
66.1
172.89
210.756
66.147
6.168
210.1080
43.172
87.52
99.212
162.1
16.8
220.1
66.334
66.489
34.133
80.96
210.329
79.67
32.1
8.165
6.547
65.397
121.227
210.1463
32.27
44.121
66.375
6.345
31.92
31.100
210.204
121.73
202.135
31.74
32.79
148.119
48.39
132.52
66.445
65.425
10.83
10.38
45.56
210.1332
6.142
195.129
121.168
210.1356
133.19
66.67
71.142
66.455
210.954
210.741
131.13
66.19
39.1
87.112
66.907
65.68
65.459
210.1484
66.940
46.82
210.456
66.760
173.113
207.266
45.51
148.63
6.451
196.122
87.127
66.1315
148.50
6.479
68.38
65.351
207.34
70.11
175.42
107.55
16.7
66.328
134.94
77.76
66.39
65.100
168.122
167.117
44.37
43.12
110.20
132.144
77.10
124.297
148.54
161.6
219.45
40.34
217.21
210.513
207.162
132.69
87.131
66.1060
133.36
185.3
121.143
121.100
135.41
34.101
2.63
1.35
66.163
15.50
66.321
65.506
132.21
12.27
73.6
15.5
132.156
173.228
210.1017
66.774
6.278
79.26
131.98
210.202
153.5
148.252
173.120
34.87
222.1
195.184
84.21
210.914
210.969
65.342
107.72
177.200
77.177
66.1042
66.827
208.170
43.25
202.243
87.105
210.147
202.348
99.213
65.447
218.26
210.970
72.50
210.1337
43.131
202.324
11.7
66.283
