Races involving main:   55754
Races parallel section: 31509
Total number of races:  87263
-
4.543
25.234
31.16485
72.3594
104.171
31.3111
74.1790
81.61
258.834
31.15495
31.21260
35.8
253.285
131.5
31.2900
69.980
53.2608
72.4440
261.4134
258.777
207.517
72.412
261.2140
25.456
261.3657
19.212
309.112
304.121
104.1404
25.571
207.1757
31.2521
265.195
261.636
314.14
4.717
31.3659
31.3435
104.189
313.49
31.8169
31.21622
220.191
260.6
172.21
289.3
31.13235
261.1311
261.2103
6.30
31.22797
25.2781
273.66
81.416
173.576
272.224
278.233
108.320
172.72
333.313
31.5573
31.21842
72.561
39.107
31.17433
25.3705
31.2481
31.7581
258.390
31.5760
189.89
31.3392
94.3
31.22173
31.5591
68.824
31.14789
72.1617
4.276
261.1115
74.1173
104.3023
31.2166
25.429
333.67
31.14435
4.905
253.1218
31.8502
207.833
261.3936
31.20100
68.503
31.13624
313.30
104.2724
207.1469
104.1875
31.20939
69.25
31.15748
31.22542
4.739
31.1489
294.5
110.96
31.1812
31.22506
104.824
61.19
98.277
310.87
31.15785
68.129
258.571
53.1455
31.16322
74.1445
310.172
74.5
134.290
221.102
31.9278
25.2268
333.365
184.144
72.1879
272.110
104.944
333.55
31.7310
31.17775
25.3429
54.342
176.51
253.911
31.405
107.125
72.1474
118.250
150.191
31.18495
31.5201
104.2456
31.22496
31.8597
31.2186
31.7248
31.14832
53.484
85.177
31.21683
117.165
50.54
31.15410
53.2142
25.972
72.1723
6.28
115.59
82.361
115.69
31.5814
288.11
31.9539
31.8793
333.30
25.1476
4.21
31.5171
31.3409
4.336
5.65
175.8
25.3753
207.2028
173.170
31.2532
4.918
31.8334
31.8273
82.442
31.21029
54.1209
25.3681
31.9357
31.19719
176.178
57.18
16.46
272.188
25.505
298.134
68.342
325.3
225.30
261.210
87.5
253.303
148.276
31.10779
333.156
104.920
4.747
31.19693
72.2683
19.83
31.17081
104.2936
25.1669
129.351
258.798
31.6488
261.926
108.624
259.405
25.3447
207.2231
207.2030
299.330
72.1950
261.1062
31.12331
109.148
278.109
53.302
328.34
30.8
104.37
70.718
31.13193
148.153
117.33
134.80
31.7569
111.134
4.757
31.6585
31.9007
226.321
308.211
122.45
31.1539
28.6
54.804
208.3
261.2621
261.1421
259.603
69.1393
98.134
35.580
104.594
261.701
261.4352
115.105
69.323
74.427
275.60
31.7263
31.15690
31.20772
54.1776
25.1623
31.22427
176.858
104.3207
104.897
31.2181
25.3645
31.16098
25.3080
31.17232
74.499
53.1984
35.95
308.83
149.213
20.192
72.3105
173.729
54.1284
110.273
253.960
76.59
161.216
288.169
81.331
261.2002
70.1246
31.6041
261.2610
292.84
258.391
105.8
31.1811
176.1022
88.161
72.814
84.135
31.13169
312.14
222.29
31.5202
74.1507
259.77
209.60
299.180
53.1255
31.17957
304.62
261.1856
274.3
308.212
104.1023
104.479
31.12900
54.555
69.776
207.2189
31.22002
202.47
149.79
25.1017
299.286
176.657
31.17745
31.7435
253.94
31.21176
53.2445
72.3747
19.348
31.4088
333.191
261.3539
53.575
35.269
31.3677
4.336
31.9429
104.2490
259.641
225.30
31.1083
84.185
25.3153
107.224
278.198
25.21
275.305
332.58
104.1325
31.17154
253.905
207.1714
22.10
70.73
70.889
261.4002
257.126
31.21969
4.769
58.8
184.191
31.9581
261.3197
31.21586
25.803
292.101
72.2580
107.126
278.218
184.483
25.1047
261.1668
256.81
281.87
104.3345
25.3663
31.14412
31.16025
88.203
173.143
74.973
31.9759
35.767
278.228
104.307
207.563
31.9687
31.17487
31.20621
223.30
31.13416
69.185
54.1577
31.5556
53.319
31.5465
31.2564
31.22110
31.17832
31.18263
104.2319
53.809
20.264
104.3748
207.1339
25.3027
31.1550
173.593
109.75
166.6
54.882
44.212
35.711
208.6
75.104
304.76
74.2778
32.5
31.1386
69.1037
126.48
261.1073
333.214
31.5028
53.1637
72.1611
31.11120
31.22379
303.8
69.1204
72.3658
173.147
82.409
259.468
31.23107
104.2750
31.22158
31.18603
261.2382
201.17
325.101
173.543
104.1023
4.243
31.14928
54.1596
31.221
85.198
331.27
31.2102
308.84
31.17412
151.89
75.90
299.5
333.91
39.108
31.4781
31.2415
108.392
41.38
129.191
310.60
268.3
31.17069
298.109
70.469
261.1733
31.11927
31.5363
25.1704
72.4308
74.160
104.425
31.22275
31.7555
261.2730
173.378
173.365
31.9061
31.356
72.1980
265.178
31.14387
259.651
74.1659
278.218
53.1139
261.312
257.150
72.3431
73.206
31.7591
74.694
53.2379
90.153
31.4566
313.37
31.10283
311.53
25.2929
31.14662
53.1923
299.24
219.102
207.1821
261.624
261.2143
298.122
66.7
4.365
31.16423
25.2736
31.8273
57.130
72.3663
253.927
104.2500
75.74
261.647
72.2040
104.400
31.5333
31.9628
187.37
31.10742
288.52
35.282
308.203
72.2803
31.14676
53.757
99.9
53.635
261.1748
25.2995
69.401
253.96
157.222
219.11
53.57
31.22899
150.17
72.1255
310.229
298.5
325.36
258.325
333.252
20.77
153.5
108.686
288.158
31.15459
31.15828
74.2538
134.178
207.1931
44.49
261.317
31.10394
72.4390
57.35
74.724
25.3057
104.3872
73.143
4.224
334.19
265.113
13.27
288.54
54.1757
253.495
304.17
31.15459
104.3495
53.2960
325.71
31.14584
273.78
299.292
31.2040
74.1156
54.347
31.6459
112.75
31.10640
6.17
31.20810
31.21732
70.219
53.302
258.683
72.322
31.19413
184.375
207.1137
134.414
44.113
25.1397
31.10521
301.31
55.82
72.1189
53.276
333.241
31.21849
31.14567
31.7902
148.285
25.3281
31.886
104.1785
31.4404
70.694
31.16549
25.3233
104.1434
25.2274
183.41
90.57
31.7926
173.804
310.59
31.17014
69.77
207.1865
333.333
261.1766
31.269
31.21443
31.2499
53.171
16.33
72.4197
117.56
53.982
258.579
150.150
157.168
25.2878
31.21017
90.38
74.760
70.772
122.78
333.71
25.1337
261.2621
54.79
148.174
149.33
69.1271
207.474
31.1865
281.21
299.125
183.8
299.5
53.2348
108.730
31.19509
20.93
310.18
128.26
261.4215
261.3080
76.53
74.165
53.1128
35.212
278.186
256.21
292.144
333.99
31.9213
74.29
31.3399
207.868
31.3980
9.86
207.665
332.18
31.4745
176.81
72.607
31.598
53.2165
258.136
70.348
176.1094
261.773
19.212
253.445
253.572
310.57
134.445
53.2749
261.883
275.219
253.140
69.495
31.4655
173.557
4.316
261.2813
207.320
31.5843
31.21805
48.4
68.431
20.252
262.15
302.130
4.642
149.177
261.158
304.171
325.20
288.133
31.20578
31.6350
31.4672
70.919
72.3297
31.1533
31.2412
53.1000
261.1821
89.8
311.46
69.1180
31.9564
31.13952
161.33
107.205
86.31
253.525
207.2407
31.19253
31.9236
4.648
176.659
134.429
104.1421
325.120
44.158
188.39
31.9462
120.17
173.467
258.864
54.1053
31.15494
117.158
74.1096
173.254
157.52
31.16484
184.338
108.467
325.91
31.13296
19.11
302.86
72.978
72.4074
313.18
20.281
72.3961
4.673
25.851
31.17856
31.16280
19.242
72.1038
129.11
75.98
53.2088
183.431
104.1123
41.33
72.3178
108.463
31.5880
72.2323
25.3512
20.77
31.8615
150.168
265.156
124.23
114.27
74.1429
283.49
68.303
86.41
266.27
31.18088
31.843
127.237
253.146
207.659
31.13392
31.1841
31.20004
31.4970
70.1288
74.610
183.155
49.13
226.450
31.3771
111.59
44.227
31.15333
149.464
31.9803
184.214
310.107
31.17871
261.2927
149.117
53.1879
70.1185
25.693
261.3272
258.744
31.9780
37.33
53.3067
53.1830
44.96
31.11001
53.1819
72.1752
31.18535
261.2604
70.920
54.177
31.21294
31.14685
253.633
74.2868
31.22597
31.9038
72.4447
71.62
254.6
122.357
259.197
31.14133
31.2979
272.24
72.4101
127.27
334.23
104.3810
54.74
84.261
88.149
31.2294
18.10
298.8
148.209
53.835
207.1152
31.15622
261.2040
31.2669
188.89
261.107
31.7215
31.22920
104.398
173.486
35.351
19.237
74.3103
304.81
258.279
70.249
108.579
275.30
173.642
53.1685
31.20004
108.23
31.17115
310.248
31.11373
207.575
39.18
189.112
109.81
4.550
129.11
207.2376
299.118
78.67
31.485
216.66
31.3333
173.771
328.2
261.3992
328.8
104.1145
31.19322
74.1555
72.2640
70.304
25.1083
299.394
54.329
72.3430
31.7956
4.746
105.21
74.2923
104.1584
184.516
53.2493
31.3470
72.3481
31.20229
31.237
34.8
53.398
75.7
31.22749
4.669
319.14
72.4246
189.120
110.213
69.113
31.13230
54.1377
207.2072
38.7
53.470
72.4162
31.15392
72.3049
31.14712
110.142
310.25
31.5375
31.15531
176.342
75.68
31.41
248.71
31.16098
72.4014
31.12348
284.28
70.1117
31.1358
31.1136
4.80
31.14484
104.2682
226.365
31.12887
8.81
73.100
74.812
70.360
134.469
134.122
31.14790
173.833
31.7520
74.1012
8.137
74.262
207.423
259.321
74.55
74.3015
104.2366
25.782
31.5550
31.456
31.21294
223.24
104.2420
31.676
261.141
31.17739
72.2509
321.8
58.177
304.121
53.1673
110.207
31.15093
201.18
31.5375
104.320
71.353
31.10581
258.782
313.33
273.102
72.3273
53.1820
31.22140
31.4880
25.3243
31.22688
110.54
74.2809
53.2863
74.3051
74.1660
31.21114
104.2063
31.22585
70.1197
72.261
104.1704
25.408
184.505
261.903
6.16
160.3
31.6553
261.4058
207.2096
71.454
75.323
104.2074
74.3085
173.617
31.6384
4.271
272.272
74.349
72.3688
31.2778
31.13215
53.1375
78.51
35.48
221.30
72.3124
35.614
31.5273
275.240
31.16139
310.216
36.96
272.129
261.3498
31.1605
31.20705
31.1866
31.10169
70.742
31.14959
183.99
31.72
184.174
177.9
69.262
261.2318
31.20958
54.93
31.12757
325.78
109.11
253.819
31.3755
104.1773
44.75
25.1956
220.179
253.686
25.2291
258.657
72.2179
31.4593
19.126
264.20
117.77
74.1755
117.56
207.761
68.551
31.21331
148.276
53.2609
31.14406
54.641
259.558
302.10
176.854
176.979
31.18203
31.7617
149.275
31.6327
104.980
82.466
176.1107
207.1245
207.423
74.609
74.2250
4.632
118.81
31.18353
81.183
104.2672
25.605
31.14960
302.97
4.311
25.705
69.464
161.15
311.18
31.22602
149.234
74.925
31.18088
84.253
184.228
68.68
25.2142
202.47
25.2031
108.815
261.3923
261.4334
183.314
189.120
156.32
180.9
31.14627
31.5214
104.2871
288.41
25.2690
74.2588
208.9
31.2854
53.2912
261.1114
31.1373
68.41
4.703
176.477
68.969
25.3525
176.92
31.22704
44.152
4.760
31.20774
261.780
117.176
108.409
207.1384
31.20716
99.49
31.20043
31.17262
253.777
53.2894
69.14
74.2391
261.2933
184.204
53.3094
31.16604
31.11191
31.14928
31.9600
292.75
35.314
259.473
31.19894
172.78
261.4478
69.1042
313.54
118.144
127.36
53.1868
109.127
156.26
253.663
55.82
129.315
298.136
53.1322
31.16424
72.2598
31.11007
261.200
149.206
31.12236
4.854
31.13917
25.3494
74.1096
96.3
69.913
310.209
31.22707
288.45
150.116
176.135
31.18758
31.5951
31.9109
127.238
31.6764
53.1080
302.115
72.3469
256.81
261.4302
31.11538
302.140
253.546
25.2796
74.811
117.139
219.17
31.11513
54.606
72.3528
118.228
68.950
74.1588
70.407
176.178
219.84
261.4266
35.432
4.56
226.357
53.2215
31.8105
104.909
72.4204
31.1989
253.329
261.4398
74.1738
31.10974
207.833
88.167
4.153
68.1005
20.93
325.88
31.6620
183.212
199.6
69.1429
122.310
4.664
261.4574
31.14826
72.3931
72.1018
72.2478
298.131
69.131
84.201
261.3124
20.93
68.461
183.247
108.632
71.424
71.287
72.2167
74.1888
183.488
82.322
261.4373
74.3097
261.4511
184.41
76.13
31.5190
72.1019
239.4
122.270
261.1905
31.13439
248.6
69.614
54.449
116.3
104.870
259.534
25.1326
273.146
261.4346
4.377
25.3195
74.442
223.42
156.53
31.1268
4.138
31.16972
253.377
104.2358
69.53
70.75
68.885
226.314
25.2268
31.19114
31.18245
31.6417
260.32
53.1237
104.895
278.122
258.530
325.96
301.21
110.273
104.3750
207.459
104.3443
31.21491
31.14735
74.333
4.710
31.6846
104.957
26.23
25.1403
299.329
117.189
31.20082
4.217
261.3057
109.22
148.184
36.84
133.4
149.111
31.19722
31.16490
176.529
31.3825
150.216
54.1558
37.20
308.105
299.92
184.555
74.951
81.331
75.62
72.100
70.649
71.89
31.14155
104.73
54.690
176.722
257.222
70.1030
104.3138
53.2455
31.17343
207.1092
31.19793
302.24
8.114
57.72
226.240
31.17460
261.423
104.3444
261.725
72.2629
31.13946
104.3870
292.88
31.13785
74.2631
31.5826
261.177
34.8
31.16140
261.2469
50.174
36.12
31.16187
104.3137
207.1061
72.2998
325.51
259.734
69.1466
261.3947
53.419
31.515
53.2385
73.244
258.867
31.21980
220.39
31.1203
74.2589
261.473
74.2232
107.136
31.5644
4.543
58.302
72.855
31.9527
184.315
74.3138
31.20751
328.7
82.150
69.1019
31.19996
308.177
25.1217
54.1818
261.1357
104.594
74.417
129.249
72.4026
31.1490
31.9663
207.593
129.162
74.2979
281.3
31.7944
281.64
72.130
70.249
25.3079
35.3
31.14790
74.1435
220.192
261.4418
261.4374
4.931
207.1152
31.9224
124.12
256.243
31.3846
237.5
246.20
25.736
31.12225
31.9540
31.1805
31.10557
261.1408
72.1807
237.7
31.12531
72.1793
25.2459
104.3725
72.2971
31.17529
258.860
108.626
261.3722
148.122
31.16821
31.21609
261.117
53.1402
126.144
70.13
31.10731
4.575
81.58
31.15808
31.9009
71.443
25.1379
283.10
31.3141
31.22982
74.1636
31.18378
31.8
107.101
122.275
4.853
31.4404
72.177
219.107
261.2865
74.1744
31.19442
261.1257
299.229
304.132
31.4887
31.7992
81.371
261.2022
207.147
312.13
110.105
261.2922
69.1277
148.377
72.1515
325.66
25.1526
74.676
31.21270
186.12
69.111
203.3
88.228
273.232
328.18
261.2139
261.467
4.512
31.10355
226.138
31.18909
173.473
259.315
253.378
31.11945
54.723
85.167
239.36
258.62
261.1839
31.2468
261.4328
70.463
31.2724
259.247
309.116
122.469
76.125
31.1605
72.1936
31.11524
74.40
4.396
72.46
25.465
72.1033
295.2
310.166
