Races involving main:   16932
Races parallel section: 41350
Total number of races:  58282
-
407.282
318.132
281.740
62.1520
195.249
114.163
321.66
324.318
194.54
281.164
348.374
96.330
429.127
64.3235
309.69
59.602
281.122
363.37
232.219
281.521
31.57
357.35
173.215
119.130
309.84
25.318
387.38
370.168
318.39
168.76
96.12
51.339
193.173
370.186
121.583
318.227
59.158
215.41
94.8
338.256
7.1524
121.472
31.263
14.227
339.188
57.244
62.3051
330.10
129.48
121.236
325.54
180.71
12.28
189.116
340.181
121.1942
259.72
281.1465
122.256
10.820
96.182
357.18
281.1122
62.3277
281.571
124.275
55.88
325.52
7.446
428.4
370.243
29.372
348.268
294.24
193.169
4.93
46.88
121.1173
6.1013
7.780
129.69
7.155
268.148
59.753
112.65
6.42
407.229
19.11
59.710
308.178
57.484
369.55
348.263
27.433
62.1748
64.326
52.117
278.142
13.32
118.400
353.4
121.963
7.486
59.436
142.33
6.241
62.3708
57.690
421.35
192.723
51.276
17.17
31.88
61.356
6.277
97.55
6.661
64.2123
278.82
422.239
46.4
9.3
356.47
215.42
309.65
59.217
370.352
14.81
52.117
118.1273
121.542
62.582
195.495
407.113
7.1443
284.14
278.107
119.603
152.134
112.66
7.377
193.706
62.1938
121.1422
19.41
13.196
60.199
119.611
62.1718
59.490
386.48
89.87
121.1738
10.736
192.109
13.105
168.61
112.17
62.2850
337.367
15.62
337.375
370.132
62.3137
64.2353
108.2
64.1086
64.1062
64.1710
422.385
420.47
149.130
63.194
171.72
61.114
192.575
294.201
62.1902
62.1836
194.50
135.14
96.209
114.242
278.173
62.925
63.56
324.77
339.118
135.180
7.539
7.202
387.349
124.174
281.462
143.23
174.81
309.57
118.1392
58.149
64.2692
387.282
58.350
359.82
356.45
7.811
59.318
63.165
10.783
119.108
193.472
338.317
25.154
124.174
102.1
370.40
425.141
291.135
62.3022
46.2
392.108
337.129
59.861
192.140
64.1045
336.16
62.3637
185.104
64.706
255.13
192.105
180.202
294.169
118.1565
281.593
93.44
422.356
62.1177
121.987
423.45
193.833
193.201
156.20
407.356
121.1583
62.966
175.52
124.61
423.37
285.59
152.150
12.98
329.17
284.41
338.333
249.6
121.1506
58.543
348.161
281.482
170.15
109.22
110.21
207.108
22.337
405.8
62.994
119.197
335.35
48.321
259.115
121.2086
142.92
119.383
118.690
16.153
351.30
348.286
93.146
60.270
118.884
64.2858
281.118
83.20
370.195
33.30
192.233
121.1520
315.52
221.57
338.527
48.192
173.221
407.409
10.785
422.234
62.286
422.49
174.85
193.153
122.212
52.115
62.2216
108.11
281.256
370.332
118.1262
363.68
192.165
124.37
60.612
55.118
274.27
370.263
97.66
391.9
119.601
194.196
308.258
26.91
52.117
194.6
363.102
31.16
46.41
378.16
60.802
422.425
57.893
278.256
200.86
56.202
57.719
29.167
357.61
341.4
53.90
62.128
281.491
118.561
318.198
13.238
338.145
135.219
152.113
122.232
22.16
121.1849
281.213
387.268
118.583
306.3
185.169
420.606
64.717
312.26
351.92
147.134
60.5
57.509
118.916
325.298
257.32
7.649
124.18
404.2
119.518
379.87
285.51
10.381
52.134
14.126
338.346
64.2864
6.225
308.342
223.43
7.1339
62.2135
420.429
57.705
420.72
7.238
300.32
48.333
370.231
279.131
121.1436
285.14
214.15
10.101
211.12
281.993
423.148
144.23
173.132
121.1860
124.17
57.421
121.205
22.424
56.177
177.296
6.826
119.39
60.572
195.386
373.40
192.735
207.72
59.287
119.157
62.3550
281.4
7.1179
338.617
425.232
321.71
135.281
338.404
62.2733
192.121
62.920
325.125
118.21
14.177
57.847
65.57
312.8
370.468
64.159
108.3
194.112
407.291
185.77
308.57
192.19
121.2023
350.137
392.96
392.10
97.22
174.62
420.500
279.269
64.3015
121.1593
193.737
195.141
370.279
379.15
64.2633
192.195
420.52
7.1029
182.24
135.162
59.188
57.320
64.517
118.1148
118.396
7.1474
122.65
338.159
27.348
278.158
53.20
64.1073
4.167
58.18
64.2632
121.1901
65.118
383.3
309.95
309.88
58.744
7.722
58.24
118.202
64.1172
278.15
367.36
22.199
10.63
122.32
96.283
62.1242
367.63
308.223
26.465
387.260
96.254
59.54
149.162
10.528
58.27
281.46
121.729
233.284
57.349
152.26
281.978
182.68
367.85
348.154
56.25
367.80
179.52
64.677
387.112
195.417
281.43
147.27
93.198
124.87
54.28
121.1092
279.238
407.251
392.142
195.141
337.300
207.30
174.86
135.369
279.185
62.506
21.74
250.14
348.45
48.86
10.826
195.3
14.76
420.415
22.484
64.3064
96.213
10.231
425.211
6.266
93.3
321.113
350.120
27.433
281.1250
373.125
115.44
281.1096
232.388
93.131
118.289
64.248
135.107
274.6
56.432
338.509
62.1466
7.554
250.9
386.39
7.1121
97.55
62.2633
62.2420
62.960
10.860
62.2755
324.172
15.50
46.74
60.199
152.264
206.42
193.293
278.279
5.186
28.11
179.76
62.616
338.594
334.11
407.284
222.158
223.50
119.333
114.45
121.478
7.246
194.249
416.5
378.29
62.3143
122.4
60.574
121.1519
294.128
124.270
422.526
420.622
4.81
7.1320
59.437
266.41
7.753
278.152
281.319
81.237
385.65
226.12
58.774
6.676
192.129
6.1403
170.3
175.100
109.60
338.416
63.92
257.60
175.82
310.36
142.165
72.36
420.389
321.22
193.210
281.715
129.46
424.52
259.71
338.111
62.1062
429.80
109.59
359.25
6.784
232.126
294.36
306.7
179.53
89.12
200.38
391.6
215.42
152.284
58.503
422.278
64.2726
225.173
10.856
324.99
379.120
340.68
225.283
121.241
422.30
7.1507
257.45
273.75
6.558
193.824
57.581
62.1332
7.907
64.2075
309.63
119.543
121.2251
429.272
119.287
279.176
195.424
62.971
193.301
48.121
192.76
324.42
53.43
64.650
278.94
7.630
407.392
177.200
56.209
337.296
420.228
387.132
135.281
62.2574
59.572
64.1252
279.191
200.48
266.65
58.697
64.2941
60.1073
348.218
342.29
89.58
281.1066
351.98
165.3
118.1096
29.375
429.117
28.46
62.921
195.144
57.126
420.39
118.1417
319.6
64.2893
387.216
6.156
308.41
372.44
48.121
281.559
308.84
121.2067
388.67
118.438
294.83
281.1059
78.14
58.8
121.1570
266.77
8.105
338.377
363.7
387.284
15.31
7.530
259.100
297.87
333.3
9.239
194.220
121.1593
59.885
429.439
318.51
135.124
193.722
343.3
366.31
118.1462
7.1541
352.32
184.4
10.330
351.20
142.48
306.5
61.331
407.69
7.685
58.389
421.76
121.1245
121.2109
7.1089
207.178
425.133
365.29
121.1417
281.1280
173.145
121.374
273.43
284.13
6.419
373.61
156.42
64.2983
337.334
278.292
392.30
64.1829
149.155
149.62
325.85
420.407
290.44
281.748
192.127
200.89
10.222
62.2042
56.406
321.7
337.295
347.20
279.96
336.81
312.66
62.655
177.267
118.147
62.658
175.177
131.8
348.82
429.231
22.305
25.141
193.685
22.368
177.360
177.435
337.231
424.180
337.217
31.246
10.473
337.63
192.461
281.1137
119.146
25.351
7.967
15.20
149.79
195.465
179.49
121.1783
147.64
7.731
192.269
357.7
5.96
121.239
64.3204
407.119
6.990
387.112
57.167
45.12
25.189
192.358
96.7
312.99
273.71
16.48
6.309
45.3
194.296
18.8
6.751
6.663
193.164
308.224
62.2119
118.66
62.3277
112.106
176.33
6.1445
26.477
88.18
310.10
82.30
378.51
224.73
348.57
174.111
348.60
281.1403
56.545
62.3282
135.190
257.26
119.239
142.112
318.334
11.25
122.219
62.3741
193.48
423.74
121.392
159.43
121.446
192.176
185.86
196.23
225.24
121.41
10.33
118.399
420.172
51.336
201.39
62.298
200.85
338.285
420.238
118.1180
338.309
62.1608
64.92
14.53
22.58
51.304
92.15
207.126
349.3
149.152
370.293
281.972
64.2479
81.138
7.928
64.124
310.15
193.2
118.393
308.115
339.44
143.12
195.97
64.367
7.323
121.1008
370.55
27.21
308.381
121.43
135.231
60.308
119.355
173.72
51.7
64.1980
281.1461
65.103
62.36
281.1070
281.1582
420.506
56.382
62.263
279.70
60.965
281.1200
329.37
392.180
321.93
167.3
177.280
420.101
363.140
121.912
339.117
152.107
370.517
60.31
62.2389
174.33
281.64
429.265
387.372
6.620
109.39
13.150
273.74
135.92
300.15
324.200
348.89
48.332
375.1
339.28
324.181
152.93
7.1463
57.799
46.106
60.431
62.206
121.2002
10.329
46.192
121.647
342.40
192.141
64.116
56.264
12.147
175.56
121.1855
278.261
429.215
121.1066
423.60
177.394
315.29
339.56
57.248
63.165
81.8
135.118
7.787
338.461
193.140
388.75
121.26
119.150
97.15
13.201
281.466
121.1276
147.84
281.915
429.222
8.2
56.81
6.1240
149.40
331.16
121.708
278.267
407.290
281.556
62.1486
118.911
121.1945
6.138
62.675
96.122
177.234
58.24
370.506
64.642
118.118
118.457
121.2177
324.159
64.1858
114.83
278.164
118.1349
7.420
361.19
62.655
361.1
183.26
119.148
340.168
194.226
189.99
119.612
407.332
13.171
121.1433
281.948
62.1394
324.272
118.47
118.55
27.81
118.481
142.126
6.838
7.1540
64.722
370.524
62.1202
55.139
121.895
281.854
98.3
121.1761
337.211
223.25
72.44
340.113
27.381
26.96
149.36
58.710
338.473
180.169
80.19
194.28
147.67
195.254
387.231
7.545
121.1332
257.42
10.803
119.65
96.333
193.33
180.195
114.199
10.446
143.11
27.306
121.1514
57.664
10.330
10.249
367.29
370.89
55.126
264.167
340.133
121.1850
387.301
193.552
193.834
294.60
9.134
57.19
70.11
96.272
392.55
121.1790
15.20
281.735
214.4
279.98
119.199
59.523
420.542
407.476
192.297
135.76
424.30
322.3
4.161
119.547
336.79
121.1439
338.542
93.87
49.13
61.89
129.2
62.477
57.249
319.11
281.1200
420.630
64.2040
121.840
325.4
21.48
407.243
6.791
62.3434
142.8
10.316
64.2194
52.80
121.1391
121.1702
318.343
194.275
413.7
180.79
124.166
62.790
69.3
121.856
81.214
5.299
281.868
5.131
420.233
281.544
193.281
9.288
377.76
348.171
289.11
48.247
176.16
278.242
6.1307
135.213
420.495
352.28
392.180
281.1391
281.247
51.108
65.46
312.27
7.330
420.194
149.172
168.7
223.91
56.116
321.110
96.35
281.402
429.269
121.532
6.1164
118.26
118.800
128.5
121.1353
96.10
367.26
423.94
7.301
62.1532
96.272
195.476
89.42
121.531
278.204
194.186
7.129
29.129
194.87
116.12
62.2772
6.1041
193.658
7.787
122.205
124.194
119.201
387.235
13.76
143.31
7.372
121.1139
281.1497
118.786
10.430
93.38
121.2239
118.866
277.14
64.837
118.171
119.128
192.663
193.454
278.137
119.449
121.190
143.54
121.1381
278.201
57.184
6.1031
121.1236
147.79
6.401
385.5
393.2
64.1395
62.614
367.10
118.35
62.1142
339.108
225.297
371.100
423.4
121.2003
62.917
340.161
331.17
46.169
63.250
147.94
62.512
62.980
23.3
121.1233
142.2
51.87
195.59
177.250
25.119
329.16
175.180
351.41
64.196
393.16
5.29
318.312
217.30
360.21
192.278
393.6
59.174
334.3
81.322
121.2116
413.42
121.2122
413.40
96.29
420.289
29.412
142.8
48.299
6.888
56.391
17.32
6.727
392.167
377.33
312.45
46.171
179.33
62.2797
109.60
151.2
177.445
315.25
192.705
118.751
62.1363
177.435
60.437
420.533
29.392
142.124
118.1388
152.74
424.170
392.32
143.142
154.12
96.283
350.31
149.129
109.20
57.338
64.3037
356.43
6.923
350.133
118.250
68.11
118.279
312.98
112.48
97.44
308.145
14.45
118.1539
61.16
329.30
62.1068
142.196
195.284
128.20
58.250
31.225
62.1027
6.1444
194.59
281.1108
12.120
425.155
371.84
7.1169
281.1311
318.16
166.20
407.320
7.1105
81.232
60.401
7.684
334.3
292.89
63.175
62.3126
7.1120
59.216
110.26
276.17
281.1517
65.27
143.14
52.57
370.216
424.104
308.309
175.79
64.607
56.116
192.661
48.333
266.32
375.20
373.97
62.1688
372.9
193.445
429.76
124.70
121.1981
266.120
7.215
62.491
52.26
7.1365
64.1414
135.393
56.583
61.228
62.1796
348.62
324.191
60.825
223.35
144.9
264.125
135.259
429.316
392.88
192.612
297.233
422.145
345.100
324.133
367.26
361.24
338.176
221.62
121.1100
152.225
273.11
152.15
57.808
385.71
7.463
121.869
26.215
29.145
425.240
56.596
7.187
118.1485
10.335
335.41
372.30
111.29
14.119
420.362
337.216
348.252
121.2188
185.97
308.340
363.98
324.328
281.1084
425.236
318.190
121.212
97.30
388.11
58.663
338.530
318.138
121.1902
48.360
351.45
62.655
121.2267
387.57
7.886
315.37
177.423
423.47
323.13
59.221
48.224
48.319
176.10
96.320
118.423
57.613
6.338
194.218
59.285
309.11
149.8
350.114
64.2893
62.3744
152.137
6.481
321.121
15.3
62.3307
339.147
62.767
404.18
122.25
407.424
281.1259
121.964
149.72
48.206
193.143
407.143
52.175
370.129
194.210
281.401
387.212
259.69
336.62
60.874
281.1423
178.18
10.77
7.1235
11.87
7.340
356.115
279.28
7.798
281.380
159.189
205.16
422.511
312.32
119.587
149.101
177.308
424.126
200.108
281.897
6.868
388.36
124.7
58.127
62.1153
56.197
195.503
12.20
122.253
56.569
193.348
170.11
56.46
259.7
192.675
194.62
6.1295
64.33
57.160
6.175
7.697
62.3086
201.69
121.422
348.148
407.305
114.257
48.197
425.262
51.378
152.38
121.956
308.114
29.132
57.47
273.94
7.1225
16.103
62.1150
363.66
325.155
305.25
62.2383
48.377
173.214
135.49
121.134
6.351
135.197
64.2409
281.553
63.131
6.1390
64.1763
6.714
264.174
338.528
135.387
324.182
64.607
420.172
193.816
119.327
60.156
7.262
59.63
429.377
391.8
62.470
118.948
121.293
62.1214
96.163
5.318
339.31
62.2863
59.346
121.511
281.695
62.1550
147.37
192.480
62.3619
59.720
285.2
52.138
279.182
6.1054
335.17
348.10
285.22
81.62
96.307
96.235
124.61
195.143
363.9
182.57
353.5
6.558
51.50
6.461
350.99
121.82
58.746
184.4
64.264
384.21
201.64
233.125
122.80
338.577
62.2349
337.200
279.28
348.126
318.129
297.109
407.490
121.2036
323.7
429.486
58.339
56.17
142.38
175.250
280.8
97.51
352.11
308.61
93.225
62.2687
62.2587
370.301
192.142
185.53
96.128
59.140
259.57
422.358
340.128
324.202
324.308
6.1378
121.1554
420.249
62.228
414.4
121.2230
233.147
121.1580
173.54
423.115
15.49
224.15
114.191
224.29
121.1670
7.1419
126.22
369.16
59.829
421.102
193.823
53.7
60.257
121.1212
152.140
392.89
13.190
118.104
62.2360
14.169
62.104
122.175
194.58
121.1723
27.66
201.109
57.854
121.1620
281.939
46.123
6.769
17.26
255.24
312.39
118.421
387.285
58.540
89.2
48.82
58.418
429.68
192.727
180.58
174.123
316.13
52.123
193.42
121.2187
232.395
95.9
373.129
370.272
57.531
62.3703
345.30
195.497
376.31
193.178
308.251
195.193
62.2880
338.493
424.99
48.216
222.56
118.1309
281.539
4.194
57.405
340.179
276.37
121.2238
371.96
175.53
118.332
93.93
121.1799
127.2
337.270
195.325
118.655
175.133
174.80
62.1316
6.475
250.15
318.91
58.195
62.2268
48.69
121.208
232.260
81.267
11.49
425.142
193.248
337.152
48.221
119.65
6.1041
56.4
53.70
60.574
429.154
281.1224
324.48
58.449
64.308
340.68
363.138
278.270
370.493
225.17
370.383
182.72
63.34
233.125
233.317
193.218
60.746
170.15
330.37
318.319
307.29
425.49
118.519
194.191
392.10
192.478
118.387
64.3003
386.59
173.23
297.201
338.493
429.61
321.10
121.1513
318.265
338.442
297.62
110.36
97.16
59.465
192.364
56.117
5.342
420.259
6.331
7.1419
370.519
315.11
350.69
59.213
288.38
118.893
124.101
60.898
6.193
13.118
64.3188
370.122
425.280
356.140
62.259
17.37
177.179
62.2372
308.16
121.910
323.9
194.127
281.121
121.1130
27.166
142.197
193.849
193.819
7.345
350.96
92.13
7.565
338.135
93.3
324.163
338.542
193.486
370.157
281.1599
118.461
59.163
422.352
422.350
80.26
366.7
200.126
315.22
64.147
64.702
56.442
281.174
135.338
319.11
399.1
6.964
96.307
64.1033
348.391
63.221
5.380
337.67
6.574
182.68
52.176
423.12
175.33
177.195
379.97
308.159
322.3
21.89
180.183
281.1432
144.8
348.108
429.453
62.960
15.79
281.784
281.313
193.534
196.34
420.181
423.100
135.374
60.15
7.408
287.15
22.461
62.3195
7.254
122.226
143.136
329.36
7.1162
370.28
60.649
171.15
118.87
339.43
337.210
194.195
93.228
286.32
429.43
17.19
64.778
9.192
29.77
175.224
192.17
6.416
194.243
193.433
48.97
422.481
264.185
286.7
337.57
422.474
425.193
73.1
57.520
135.373
308.357
97.55
12.35
175.23
63.221
351.87
48.41
7.302
388.71
279.182
281.757
7.372
340.49
121.1534
175.19
65.19
62.2413
222.98
370.402
225.39
58.250
118.893
10.653
318.151
278.172
25.351
112.26
108.20
387.106
6.389
4.15
7.502
122.205
118.18
57.486
281.1471
59.330
388.73
178.19
118.1197
57.501
59.886
96.176
192.276
300.4
64.689
93.33
195.234
6.23
259.102
338.242
114.45
52.16
370.300
329.40
64.1126
121.887
222.191
64.1658
31.56
121.815
324.174
392.111
60.305
259.115
308.290
121.365
118.253
338.139
121.2291
46.169
200.48
58.102
425.91
114.46
58.590
7.442
429.224
96.290
57.363
81.298
371.76
281.1519
62.216
118.236
370.366
227.23
97.84
7.348
131.13
64.48
195.109
128.14
425.95
422.137
